Minv2 =

 Columns 1 through 7:

   1.4215e+16   6.9411e+16  -1.0400e+16   3.0625e+17  -5.2223e+16   7.0064e+16   8.5893e+16
  -7.3317e+15  -3.8284e+16   4.7495e+15  -2.1452e+17   3.3371e+16  -6.2167e+16  -5.6894e+16
  -2.9375e+16  -1.4405e+17   2.1339e+16  -6.4682e+17   1.0950e+17  -1.5122e+17  -1.8060e+17
   6.7102e+16   4.0122e+17  -3.0900e+16   1.7824e+18  -2.6642e+17   4.1124e+17   4.7749e+17
  -4.5752e+16  -2.3356e+17   3.0960e+16  -1.0463e+18   1.7263e+17  -2.4391e+17  -2.8957e+17
   4.3892e+16   2.5541e+17  -2.1951e+16   1.1909e+18  -1.7966e+17   2.9082e+17   3.1831e+17
   1.5445e+16   1.0053e+17  -5.0900e+15   4.5270e+17  -6.4175e+16   1.0620e+17   1.3215e+17
  -4.1764e+16  -2.4758e+17   1.9759e+16  -1.1127e+18   1.6692e+17  -2.6041e+17  -2.8528e+17
  -9.1106e+14  -5.9083e+15   3.0559e+14  -2.6604e+16   3.7796e+15  -6.2403e+15  -7.7309e+15
   4.7289e+16   2.8029e+17  -2.2383e+16   1.2620e+18  -1.8927e+17   2.9596e+17   3.4043e+17
   1.8522e+16   1.2053e+17  -6.1099e+15   5.4274e+17  -7.6949e+16   1.2731e+17   1.5813e+17
  -4.7387e+16  -2.8167e+17   2.2236e+16  -1.2266e+18   1.8458e+17  -2.7601e+17  -1.6055e+16

 Columns 8 through 12:

  -2.3399e+17  -5.0681e+15   2.2957e+17   1.0356e+17  -8.9088e+17
   1.6392e+17   3.3650e+15  -1.6075e+17  -6.8629e+16   6.2526e+17
   4.9422e+17   1.0658e+16  -4.8485e+17  -2.1777e+17   1.8819e+18
  -1.3402e+18  -2.8210e+16   1.3198e+18   5.7578e+17  -5.0146e+18
   7.9669e+17   1.7093e+16  -7.8222e+17  -3.4916e+17   3.0224e+18
  -8.9878e+17  -1.8810e+16   8.8426e+17   3.8386e+17  -3.3780e+18
  -3.4647e+17  -7.7854e+15   3.3676e+17   1.5934e+17  -1.3748e+18
   8.7080e+17   1.6917e+16  -8.4386e+17  -3.4445e+17   3.5003e+18
   2.0378e+16   4.5555e+14  -1.9805e+16  -9.3219e+15   8.0903e+16
  -9.7227e+17  -2.0127e+16   9.5937e+17   4.1053e+17  -3.6045e+18
  -4.1564e+17  -9.3169e+15   4.0372e+17   1.9067e+17  -1.6541e+18
   1.2306e+18   2.0049e+15  -8.8879e+17  -2.8400e+16   1.0314e+19

